29662985
72555598
70448943
73231662
70027343
46783904
71417830
46370234
73241163
10677555
42478101
6500443
43075745
25586889
76759246
46754069
73804711
8526474
10280897
47555969
29662985
72555598
70448943
73231662
70027343
46783904
71417830
46370234
73241163
10677555
48949674
72665728
9465319
75960360
47220471
70152411
43525920
73908975
49006530
16798668
74526172
48164846
47543124
46584158
47429186
70305100
29680680
9585584
43807279
73803381
40968853
75973471
74934936
44841693
45858439
46606620
9671706
45499636
2802193
19850913
9452247
25670296
48395882
42360420
47383328
46443465
72577588
40578839
73052047
45770625
46607476
78022264
40291920
2785433
27421161
80360007
45316612
72310895
73797540
75945543
70751491
48722593
72892967
48033158
72773534
77221094
40132597
74684823
7761835
16002114
9140862
43192689
10557548
47586852
46000113
70848174
47095763
43367216
73049881
70417312
44465033
10023943
72400260
8626109
46622843
40035748
47965050
70110908
73114910
72227034
72404969
73311679
70500441
75504206
71200594
73432987
43617299
71446258
72428280
43826069
72619897
43037955
70004169
46058959
74171038
74582344
42866597
25720349
71351369
9132731
73244023
44416582
72702469
43933371
76685270
74153888
74415683
40614211
47556100
29304028
70370494
77065483
22283566
46728693
40038237
9176263
9416975
8196971
42478101
6500443
43075745
25586889
76759246
46754069
73804711
8526474
10280897
47555969
47014658
73738662
70995931
42352078
47499056
71314093
41238943
70679919
70368887
74459570
42191957
70459844
72542492
72413674
48051926
70207337
48042107
25754248
70113818
7871595
40894544
45455026
42757336
42785476
5640999
42285205
7275631
45949425
41077440
42275311
42478101
6500443
43075745
25586889
76759246
46754069
73804711
8526474
10280897
47555969
47014658
73738662
70995931
42352078
47499056
71314093
41238943
70679919
70368887
74459570
42191957
70459844
72542492
72413674
48051926
70207337
48042107
25754248
70113818
7871595
40894544
45455026
42757336
42785476
5640999
42285205
7275631
45949425
41077440
42275311
44596486
70361273
70302062
8222343
48063597
76800136
40241664
25784726
43872239
25718242
5394383
10696725
7397478
72429428
70020891
47977017
42862593
41802832
10635617
8019478
73091884
77236209
10124527
44554727
72163809
73183459
10148653
77272572
76433879
31680564
76357203
41405466
74024041
7478003
72849779
47352650
6598649
76022145
44268024
71637693
70463996
43447648
72741030
21299593
75860044
10280730
71616441
47067831
46880372
42239118
10808430
75194326
73621340
44588487
8720483
72728393
72202044
45244174
46676994
9165960
7214769
46719823
74361460
25841677
40523327
41865970
20050061
43469533
46970630
41483051
41149076
41121541
45845791
46830386
74552757
7558231
41442974
42228834
72353189
47492310
72415113
40843123
43742578
41641426
8037784
40466417
10860453
71225302
43031971
29714789
72879693
72039503
71723239
45935282
23955374
71400949
75507011
44337525
72931305
77378398
70389783
9179821
73519419
10796035
9953717
7856055
45467681
76392807
9336329
46950122
40354606
76020743
45433423
72214117
41672118
72885321
9537452
7267484
124275
47942155